64
0
1
64
1
0,6
041
32K
Data
8
64
0
1
64
1
0,6
041
32K
Instruction
8
64
0
2
1024
1
0,6
041
256K
Unified
4
64
0
3
12288
1
0-11
fff
12288K
Unified
16
64
4
1
64
1
4,10
410
32K
Data
8
64
4
1
64
1
4,10
410
32K
Instruction
8
64
4
2
1024
1
4,10
410
256K
Unified
4
64
0
3
12288
1
0-11
fff
12288K
Unified
16
64
5
1
64
1
5,11
820
32K
Data
8
64
5
1
64
1
5,11
820
32K
Instruction
8
64
5
2
1024
1
5,11
820
256K
Unified
4
64
0
3
12288
1
0-11
fff
12288K
Unified
16
64
1
1
64
1
1,7
082
32K
Data
8
64
1
1
64
1
1,7
082
32K
Instruction
8
64
1
2
1024
1
1,7
082
256K
Unified
4
64
0
3
12288
1
0-11
fff
12288K
Unified
16
64
2
1
64
1
2,8
104
32K
Data
8
64
2
1
64
1
2,8
104
32K
Instruction
8
64
2
2
1024
1
2,8
104
256K
Unified
4
64
0
3
12288
1
0-11
fff
12288K
Unified
16
64
3
1
64
1
3,9
208
32K
Data
8
64
3
1
64
1
3,9
208
32K
Instruction
8
64
3
2
1024
1
3,9
208
256K
Unified
4
64
0
3
12288
1
0-11
fff
12288K
Unified
16
64
4
1
64
1
4,10
410
32K
Data
8
64
4
1
64
1
4,10
410
32K
Instruction
8
64
4
2
1024
1
4,10
410
256K
Unified
4
64
0
3
12288
1
0-11
fff
12288K
Unified
16
64
5
1
64
1
5,11
820
32K
Data
8
64
5
1
64
1
5,11
820
32K
Instruction
8
64
5
2
1024
1
5,11
820
256K
Unified
4
64
0
3
12288
1
0-11
fff
12288K
Unified
16
64
0
1
64
1
0,6
041
32K
Data
8
64
0
1
64
1
0,6
041
32K
Instruction
8
64
0
2
1024
1
0,6
041
256K
Unified
4
64
0
3
12288
1
0-11
fff
12288K
Unified
16
64
1
1
64
1
1,7
082
32K
Data
8
64
1
1
64
1
1,7
082
32K
Instruction
8
64
1
2
1024
1
1,7
082
256K
Unified
4
64
0
3
12288
1
0-11
fff
12288K
Unified
16
64
2
1
64
1
2,8
104
32K
Data
8
64
2
1
64
1
2,8
104
32K
Instruction
8
64
2
2
1024
1
2,8
104
256K
Unified
4
64
0
3
12288
1
0-11
fff
12288K
Unified
16
64
3
1
64
1
3,9
208
32K
Data
8
64
3
1
64
1
3,9
208
32K
Instruction
8
64
3
2
1024
1
3,9
208
256K
Unified
4
64
0
3
12288
1
0-11
fff
12288K
Unified
16
